Opens snapshots (DIST2>1.8 nm) numbering
2.000000
4.000000
9.000000
11.000000
13.000000
15.000000
27.000000
31.000000
32.000000
34.000000
37.000000
48.000000
50.000000
54.000000
56.000000
63.000000
69.000000
72.000000
74.000000
76.000000
79.000000
84.000000
86.000000
93.000000
96.000000
99.000000
101.000000
109.000000
114.000000
115.000000
129.000000
131.000000
132.000000
133.000000
139.000000
147.000000
149.000000
164.000000
165.000000
169.000000
178.000000
180.000000
187.000000
189.000000
206.000000
207.000000
220.000000
225.000000
229.000000
246.000000
247.000000
249.000000
250.000000
251.000000
252.000000
255.000000
261.000000
262.000000
265.000000
275.000000
283.000000
294.000000
296.000000
316.000000
317.000000
318.000000
320.000000
331.000000
333.000000
334.000000
339.000000
354.000000
362.000000
365.000000
370.000000
376.000000
379.000000
382.000000
385.000000
397.000000
398.000000
402.000000
404.000000
414.000000
415.000000
419.000000
426.000000
427.000000
430.000000
433.000000
441.000000
443.000000
447.000000
460.000000
473.000000
475.000000
481.000000
485.000000
492.000000
506.000000
516.000000
519.000000
520.000000
535.000000
542.000000
547.000000
556.000000
559.000000
565.000000
571.000000
573.000000
585.000000
592.000000
593.000000
594.000000
598.000000
611.000000
617.000000
621.000000
623.000000
626.000000
633.000000
634.000000
635.000000
639.000000
642.000000
658.000000
660.000000
668.000000
669.000000
680.000000
683.000000
686.000000
688.000000
699.000000
703.000000
705.000000
712.000000
719.000000
720.000000
730.000000
732.000000
736.000000
737.000000
740.000000
743.000000
748.000000
755.000000
785.000000
788.000000
799.000000
802.000000
808.000000
818.000000
823.000000
824.000000
828.000000
829.000000
830.000000
834.000000
836.000000
838.000000
843.000000
848.000000
852.000000
858.000000
865.000000
866.000000
874.000000
893.000000
894.000000
899.000000
911.000000
915.000000
917.000000
919.000000
921.000000
929.000000
932.000000
934.000000
941.000000
942.000000
943.000000
952.000000
960.000000
962.000000
964.000000
969.000000
972.000000
975.000000
990.000000
998.000000
1001.000000
1007.000000
1014.000000
1016.000000
1033.000000
1036.000000
1042.000000
1044.000000
1046.000000
1055.000000
1067.000000
1071.000000
1073.000000
1074.000000
1075.000000
1077.000000
1092.000000
1093.000000
1096.000000
1099.000000
1105.000000
1111.000000
1112.000000
1113.000000
1122.000000
1127.000000
1134.000000
1147.000000
1150.000000
1151.000000
1159.000000
1160.000000
1162.000000
1163.000000
1182.000000
1188.000000
1200.000000
1201.000000
1214.000000
1216.000000
1220.000000
1221.000000
1224.000000
1230.000000
1235.000000
1239.000000
1241.000000
1244.000000
1254.000000
1256.000000
1261.000000
1266.000000
1269.000000
1276.000000
1290.000000
1291.000000
1293.000000
1299.000000
1304.000000
1305.000000
1309.000000
1313.000000
1317.000000
1321.000000
1326.000000
1336.000000
1337.000000
1339.000000
1341.000000
1342.000000
1347.000000
1349.000000
1369.000000
1370.000000
1377.000000
1398.000000
1401.000000
1403.000000
1408.000000
1410.000000
1413.000000
1423.000000
1427.000000
1457.000000
1462.000000
1469.000000
1472.000000
1474.000000
1475.000000
1493.000000
1498.000000
1500.000000
1502.000000
1504.000000
1505.000000
1513.000000
1515.000000
1518.000000
1519.000000
1522.000000
1532.000000
1541.000000
1544.000000
1545.000000
1546.000000
1550.000000
1552.000000
1554.000000
1559.000000
1560.000000
1568.000000
1570.000000
1571.000000
1573.000000
1575.000000
1596.000000
1598.000000
1611.000000
1612.000000
1628.000000
1629.000000
1640.000000
1646.000000
1653.000000
1659.000000
1682.000000
1695.000000
1705.000000
1720.000000
1724.000000
1728.000000
1731.000000
1734.000000
1736.000000
1750.000000
1754.000000
1761.000000
1765.000000
1774.000000
1787.000000
1797.000000
1800.000000
1802.000000
1816.000000
1821.000000
1824.000000
1825.000000
1831.000000
1834.000000
1849.000000
1850.000000
1860.000000
1869.000000
1883.000000
1885.000000
1900.000000
1911.000000
1914.000000
1917.000000
1922.000000
1934.000000
1939.000000
1945.000000
1946.000000
1948.000000
1960.000000
1969.000000
1978.000000
1983.000000
1985.000000
1988.000000
1992.000000
1994.000000
2000.000000
2004.000000
2016.000000
2017.000000
2020.000000
2030.000000
2034.000000
2041.000000
2044.000000
2045.000000
2047.000000
2051.000000
2057.000000
2063.000000
2068.000000
2070.000000
2083.000000
2086.000000
2087.000000
2099.000000
2105.000000
2116.000000
2122.000000
2123.000000
2127.000000
2128.000000
2134.000000
2141.000000
2148.000000
2154.000000
2158.000000
2161.000000
2166.000000
2206.000000
2208.000000
2222.000000
2224.000000
2226.000000
2228.000000
2231.000000
2232.000000
2233.000000
2240.000000
2245.000000
2247.000000
2252.000000
2255.000000
2258.000000
2273.000000
2277.000000
2284.000000
2288.000000
2295.000000
2307.000000
2312.000000
2315.000000
2318.000000
2328.000000
2330.000000
2333.000000
2334.000000
2336.000000
2342.000000
2347.000000
2352.000000
2361.000000
2373.000000
2377.000000
2379.000000
2380.000000
2387.000000
2393.000000
2398.000000
2401.000000
2402.000000
2406.000000
2409.000000
2413.000000
2420.000000
2438.000000
2444.000000
2447.000000
2448.000000
2456.000000
2458.000000
2461.000000
2462.000000
2468.000000
2469.000000
2470.000000
2471.000000
2474.000000
2475.000000
2477.000000
2481.000000
2495.000000
2497.000000
2509.000000
2515.000000
2528.000000
2531.000000
2535.000000
2536.000000
2541.000000
2554.000000
2562.000000
2574.000000
2578.000000
2584.000000
2607.000000
2613.000000
2618.000000
2625.000000
2628.000000
2636.000000
2638.000000
2662.000000
2668.000000
2676.000000
2677.000000
2680.000000
2695.000000
2708.000000
2709.000000
2724.000000
2731.000000
2739.000000
2742.000000
2748.000000
2750.000000
2756.000000
2760.000000
2768.000000
2789.000000
2792.000000
2798.000000
2799.000000
2808.000000
2810.000000
2826.000000
2827.000000
2830.000000
2832.000000
2833.000000
2835.000000
2838.000000
2847.000000
2851.000000
2857.000000
2877.000000
2890.000000
2895.000000
2898.000000
2899.000000
2900.000000
2905.000000
2907.000000
2908.000000
2910.000000
2935.000000
2937.000000
2938.000000
2942.000000
2947.000000
2952.000000
2959.000000
2961.000000
2969.000000
2972.000000
2975.000000
2980.000000
3001.000000
3002.000000
3004.000000
3006.000000
3007.000000
3012.000000
3014.000000
3015.000000
3017.000000
3028.000000
3030.000000
3032.000000
3035.000000
3036.000000
3072.000000
3079.000000
3080.000000
3081.000000
3085.000000
3088.000000
3090.000000
3094.000000
3095.000000
3097.000000
3099.000000
3106.000000
3108.000000
3133.000000
3135.000000
3149.000000
3155.000000
3168.000000
3169.000000
3175.000000
3179.000000
3183.000000
3188.000000
3192.000000
3196.000000
3200.000000
3214.000000
3228.000000
3235.000000
3247.000000
3252.000000
3258.000000
3264.000000
3272.000000
3273.000000
3274.000000
3277.000000
3288.000000
3295.000000
3333.000000
3334.000000
3339.000000
3364.000000
3369.000000
3378.000000
3381.000000
3386.000000
3397.000000
3402.000000
3410.000000
3416.000000
3417.000000
3418.000000
3424.000000
3434.000000
3436.000000
3439.000000
3440.000000
3443.000000
3454.000000
3465.000000
3478.000000
3481.000000
3486.000000
3492.000000
3497.000000
3498.000000
3503.000000
3506.000000
3511.000000
3515.000000
3520.000000
3521.000000
3525.000000
3533.000000
3538.000000
3547.000000
3552.000000
3553.000000
3554.000000
3566.000000
3573.000000
3602.000000
3612.000000
3614.000000
3625.000000
3626.000000
3627.000000
3628.000000
3629.000000
3638.000000
3647.000000
3648.000000
3651.000000
3677.000000
3679.000000
3682.000000
3684.000000
3688.000000
3694.000000
3718.000000
3719.000000
3720.000000
3726.000000
3729.000000
3732.000000
3742.000000
3751.000000
3761.000000
3780.000000
3785.000000
3794.000000
3798.000000
3804.000000
3808.000000
3813.000000
3815.000000
3817.000000
3820.000000
3824.000000
3837.000000
3838.000000
3856.000000
3859.000000
3866.000000
3867.000000
3872.000000
3887.000000
3891.000000
3894.000000
3900.000000
3901.000000
3907.000000
3909.000000
3911.000000
3914.000000
3918.000000
3921.000000
3924.000000
3934.000000
3937.000000
3952.000000
3953.000000
3958.000000
3959.000000
3960.000000
3967.000000
3968.000000
3969.000000
3976.000000
3977.000000
3994.000000
3995.000000
4016.000000
4018.000000
4020.000000
4025.000000
4027.000000
4035.000000
4043.000000
4044.000000
4050.000000
4060.000000
4071.000000
4077.000000
4086.000000
4088.000000
4090.000000
4091.000000
4096.000000
4097.000000
4141.000000
4144.000000
4154.000000
4155.000000
4162.000000
4178.000000
4181.000000
4186.000000
4196.000000
4207.000000
4212.000000
4219.000000
4220.000000
4221.000000
4222.000000
4241.000000
4243.000000
4245.000000
4248.000000
4261.000000
4264.000000
4265.000000
4267.000000
4268.000000
4271.000000
4287.000000
4292.000000
4310.000000
4314.000000
4315.000000
4334.000000
4336.000000
4342.000000
4347.000000
4355.000000
4358.000000
4359.000000
4365.000000
4366.000000
4376.000000
4384.000000
4388.000000
4394.000000
4395.000000
4397.000000
4398.000000
4400.000000
4407.000000
4410.000000
4412.000000
4415.000000
4422.000000
4429.000000
4444.000000
4450.000000
4452.000000
4458.000000
4465.000000
4477.000000
4497.000000
4499.000000
4500.000000
4507.000000
4508.000000
4512.000000
4513.000000
4517.000000
4522.000000
4535.000000
4541.000000
4544.000000
4545.000000
4562.000000
4567.000000
4588.000000
4592.000000
4597.000000
4599.000000
4600.000000
4606.000000
4614.000000
4621.000000
4622.000000
4631.000000
4633.000000
4649.000000
4654.000000
4662.000000
4664.000000
4666.000000
4667.000000
4675.000000
4676.000000
4680.000000
4684.000000
4685.000000
4688.000000
4696.000000
4698.000000
4699.000000
4704.000000
4708.000000
4720.000000
4725.000000
4742.000000
4744.000000
4773.000000
4774.000000
4778.000000
4783.000000
4791.000000
4794.000000
4804.000000
4815.000000
4819.000000
4844.000000
4847.000000
4857.000000
4860.000000
4863.000000
4868.000000
4882.000000
4886.000000
4894.000000
4901.000000
4916.000000
4926.000000
4930.000000
4933.000000
4934.000000
4936.000000
4942.000000
4948.000000
4951.000000
4955.000000
4956.000000
4958.000000
4963.000000
4965.000000
4967.000000
4969.000000
4992.000000
5012.000000
5021.000000
5024.000000
5030.000000
5035.000000
5036.000000
5042.000000
5046.000000
5053.000000
5054.000000
5059.000000
5061.000000
5062.000000
5067.000000
5069.000000
5071.000000
5073.000000
5074.000000
5081.000000
5101.000000
5113.000000
5115.000000
5116.000000
5119.000000
5120.000000
5122.000000
5125.000000
5126.000000
5128.000000
5129.000000
5144.000000
5148.000000
5149.000000
5162.000000
5165.000000
5180.000000
5190.000000
5191.000000
5199.000000
5202.000000
5207.000000
5213.000000
5216.000000
5231.000000
5237.000000
5240.000000
5242.000000
5260.000000
5276.000000
5280.000000
5287.000000
5301.000000
5302.000000
5303.000000
5304.000000
5321.000000
5332.000000
5339.000000
5349.000000
5352.000000
5353.000000
5355.000000
5356.000000
5361.000000
5369.000000
5370.000000
5372.000000
5374.000000
5375.000000
5380.000000
5402.000000
5420.000000
5424.000000
5429.000000
5437.000000
5439.000000
5452.000000
5461.000000
5468.000000
5469.000000
5478.000000
5485.000000
5489.000000
5493.000000
5496.000000
5501.000000
5504.000000
5506.000000
5507.000000
5515.000000
5523.000000
5527.000000
5540.000000
5547.000000
5558.000000
5571.000000
5572.000000
5576.000000
5577.000000
5586.000000
5591.000000
5593.000000
5605.000000
5634.000000
5636.000000
5638.000000
5640.000000
5644.000000
5646.000000
5649.000000
5650.000000
5662.000000
5665.000000
5676.000000
5677.000000
5680.000000
5685.000000
5688.000000
5696.000000
5701.000000
5720.000000
5722.000000
5724.000000
5746.000000
5747.000000
5751.000000
5752.000000
5766.000000
5772.000000
5776.000000
5789.000000
5800.000000
5809.000000
5812.000000
5819.000000
5824.000000
5826.000000
5828.000000
5829.000000
5841.000000
5845.000000
5849.000000
5860.000000
5864.000000
5888.000000
5912.000000
5922.000000
5929.000000
5930.000000
5943.000000
5967.000000
5977.000000
5980.000000
5988.000000
5996.000000
5998.000000
5999.000000
6006.000000
6009.000000
6016.000000
6017.000000
6023.000000
6024.000000
6027.000000
6028.000000
6036.000000
6038.000000
6049.000000
6054.000000
6061.000000
6070.000000
6074.000000
6081.000000
6087.000000
6099.000000
6106.000000
6120.000000
6122.000000
6129.000000
6131.000000
6136.000000
6142.000000
6145.000000
6147.000000
6151.000000
6164.000000
6169.000000
6180.000000
6185.000000
6187.000000
6196.000000
6200.000000
6201.000000
6214.000000
6222.000000
6225.000000
6226.000000
6230.000000
6252.000000
6261.000000
6274.000000
6277.000000
6289.000000
6290.000000
6293.000000
6301.000000
6311.000000
6335.000000
6346.000000
6350.000000
6356.000000
6361.000000
6366.000000
6382.000000
6385.000000
6392.000000
6405.000000
6414.000000
6425.000000
6428.000000
6439.000000
6445.000000
6452.000000
6462.000000
6473.000000
6488.000000
6495.000000
6506.000000
6513.000000
6521.000000
6527.000000
6530.000000
6546.000000
6549.000000
6556.000000
6563.000000
6565.000000
6585.000000
6590.000000
6597.000000
6598.000000
6603.000000
6604.000000
6612.000000
6621.000000
6629.000000
6657.000000
6662.000000
6696.000000
6698.000000
6700.000000
6704.000000
6710.000000
6725.000000
6734.000000
6746.000000
6762.000000
6763.000000
6770.000000
6779.000000
6790.000000
6791.000000
6799.000000
6805.000000
6807.000000
6810.000000
6812.000000
6819.000000
6825.000000
6835.000000
6836.000000
6837.000000
6838.000000
6849.000000
6853.000000
6864.000000
6872.000000
6880.000000
6884.000000
6907.000000
6910.000000
6911.000000
6912.000000
6914.000000
6923.000000
6928.000000
6936.000000
6945.000000
6947.000000
6960.000000
6970.000000
6986.000000
6989.000000
7008.000000
7010.000000
7013.000000
7016.000000
7022.000000
7023.000000
7037.000000
7040.000000
7041.000000
7053.000000
7059.000000
7063.000000
7068.000000
7070.000000
7079.000000
7087.000000
7089.000000
7095.000000
7096.000000
7101.000000
7108.000000
7114.000000
7115.000000
7127.000000
7131.000000
7137.000000
7147.000000
7150.000000
7151.000000
7158.000000
7161.000000
7166.000000
7167.000000
7182.000000
7188.000000
7191.000000
7192.000000
7197.000000
7201.000000
7203.000000
7219.000000
7229.000000
7232.000000
7234.000000
7238.000000
7244.000000
7270.000000
7273.000000
7302.000000
7307.000000
7317.000000
7319.000000
7333.000000
7341.000000
7345.000000
7348.000000
7357.000000
7360.000000
7370.000000
7373.000000
7377.000000
7381.000000
7385.000000
7387.000000
7388.000000
7390.000000
7395.000000
7396.000000
7403.000000
7404.000000
7406.000000
7421.000000
7426.000000
7429.000000
7468.000000
7492.000000
7496.000000
7501.000000
7503.000000
7517.000000
7526.000000
7529.000000
7546.000000
7555.000000
7558.000000
7561.000000
7574.000000
7581.000000
7586.000000
7597.000000
7599.000000
7603.000000
7607.000000
7608.000000
7609.000000
7611.000000
7616.000000
7617.000000
7627.000000
7644.000000
7654.000000
7661.000000
7676.000000
7685.000000
7686.000000
7687.000000
7694.000000
7697.000000
7706.000000
7708.000000
7712.000000
7723.000000
7730.000000
7731.000000
7738.000000
7746.000000
7749.000000
7752.000000
7758.000000
7770.000000
7773.000000
7776.000000
7781.000000
7786.000000
7790.000000
7796.000000
7799.000000
7801.000000
7805.000000
7806.000000
7812.000000
7817.000000
7826.000000
7827.000000
7829.000000
7836.000000
7837.000000
7838.000000
7844.000000
7847.000000
7868.000000
7887.000000
7888.000000
7893.000000
7902.000000
7904.000000
7906.000000
7909.000000
7916.000000
7920.000000
7923.000000
7927.000000
7947.000000
7956.000000
7964.000000
7979.000000
7988.000000
7996.000000
7997.000000
8006.000000
8007.000000
8009.000000
8010.000000
8012.000000
8016.000000
8017.000000
8019.000000
8021.000000
8026.000000
8029.000000
8036.000000
8044.000000
8064.000000
8072.000000
8073.000000
8074.000000
8082.000000
8087.000000
8097.000000
8102.000000
8111.000000
8113.000000
8114.000000
8116.000000
8118.000000
8121.000000
8124.000000
8125.000000
8131.000000
8135.000000
8141.000000
8144.000000
8148.000000
8153.000000
8154.000000
8157.000000
8159.000000
8162.000000
8163.000000
8165.000000
8190.000000
8198.000000
8204.000000
8209.000000
8214.000000
8224.000000
8226.000000
8231.000000
8239.000000
8272.000000
8279.000000
8287.000000
8297.000000
8301.000000
8322.000000
8325.000000
8332.000000
8339.000000
8353.000000
8364.000000
8366.000000
8367.000000
8376.000000
8380.000000
8397.000000
8404.000000
8407.000000
8409.000000
8423.000000
8426.000000
8435.000000
8440.000000
8441.000000
8443.000000
8452.000000
8454.000000
8456.000000
8458.000000
8460.000000
8470.000000
8480.000000
8484.000000
8495.000000
8500.000000
8504.000000
8505.000000
8522.000000
8530.000000
8532.000000
8533.000000
8552.000000
8568.000000
8570.000000
8574.000000
8577.000000
8578.000000
8590.000000
8615.000000
8631.000000
8634.000000
8637.000000
8648.000000
8662.000000
8669.000000
8677.000000
8681.000000
8696.000000
8699.000000
8704.000000
8705.000000
8708.000000
8709.000000
8720.000000
8721.000000
8723.000000
8734.000000
8736.000000
8752.000000
8759.000000
8761.000000
8778.000000
8791.000000
8798.000000
8803.000000
8805.000000
8807.000000
8812.000000
8828.000000
8831.000000
8849.000000
8853.000000
8885.000000
8886.000000
8897.000000
8899.000000
8905.000000
8922.000000
8931.000000
8933.000000
8935.000000
8937.000000
8938.000000
8943.000000
8957.000000
8961.000000
8966.000000
8967.000000
8971.000000
8981.000000
8982.000000
8992.000000
9000.000000
9002.000000
9013.000000
9016.000000
9021.000000
9022.000000
9031.000000
9035.000000
9041.000000
9043.000000
9045.000000
9050.000000
9065.000000
9074.000000
9076.000000
9079.000000
9089.000000
9090.000000
9098.000000
9103.000000
9112.000000
9119.000000
9131.000000
9137.000000
9144.000000
9147.000000
9153.000000
9154.000000
9161.000000
9168.000000
9181.000000
9188.000000
9189.000000
9193.000000
9194.000000
9196.000000
9212.000000
9222.000000
9224.000000
9229.000000
9240.000000
9242.000000
9253.000000
9261.000000
9269.000000
9277.000000
9281.000000
9285.000000
9289.000000
9290.000000
9297.000000
9301.000000
9305.000000
9313.000000
9318.000000
9325.000000
9330.000000
9337.000000
9340.000000
9352.000000
9353.000000
9359.000000
9362.000000
9365.000000
9375.000000
9381.000000
9387.000000
9391.000000
9396.000000
9405.000000
9407.000000
9421.000000
9422.000000
9439.000000
9441.000000
9443.000000
9461.000000
9483.000000
9493.000000
9507.000000
9515.000000
9519.000000
9521.000000
9524.000000
9530.000000
9533.000000
9535.000000
9559.000000
9561.000000
9579.000000
9593.000000
9598.000000
9608.000000
9616.000000
9622.000000
9625.000000
9637.000000
9638.000000
9639.000000
9645.000000
9652.000000
9654.000000
9659.000000
9661.000000
9676.000000
9688.000000
9721.000000
9722.000000
9726.000000
9761.000000
9768.000000
9771.000000
9772.000000
9773.000000
9775.000000
9779.000000
9784.000000
9792.000000
9806.000000
9818.000000
9821.000000
9825.000000
9830.000000
9834.000000
9892.000000
9900.000000
9914.000000
9915.000000
9923.000000
9937.000000
9940.000000
9944.000000
9947.000000
9957.000000
9962.000000
9969.000000
9975.000000
9994.000000
