#! FIELDS chi1 ff8 dff8_chi1
#! SET normalisation  1.000000
#! SET min_chi1 -4
#! SET max_chi1 4
#! SET nbins_chi1  200
#! SET periodic_chi1 false
 -4.000000 inf 0.000000
 -3.960000 inf 0.000000
 -3.920000 inf 0.000000
 -3.880000 inf 0.000000
 -3.840000 inf 0.000000
 -3.800000 inf 0.000000
 -3.760000 inf 0.000000
 -3.720000 inf 0.000000
 -3.680000 inf 0.000000
 -3.640000 inf 0.000000
 -3.600000 inf 0.000000
 -3.560000 inf 0.000000
 -3.520000 inf 0.000000
 -3.480000 inf 0.000000
 -3.440000 inf 0.000000
 -3.400000 inf 0.000000
 -3.360000 33.246519 -225.911124
 -3.320000 24.512258 -190.799218
 -3.280000 17.605156 -153.848891
 -3.240000 12.175566 -117.820425
 -3.200000 8.154658 -83.596179
 -3.160000 5.449419 -52.266515
 -3.120000 3.912682 -25.504324
 -3.080000 3.319428 -5.443104
 -3.040000 3.369231 6.625748
 -3.000000 3.761349 12.153891
 -2.960000 4.299414 14.509059
 -2.920000 4.922352 16.795757
 -2.880000 5.659924 20.157198
 -2.840000 6.535297 23.469980
 -2.800000 7.534167 26.409368
 -2.760000 8.649096 29.184437
 -2.720000 9.856393 30.832780
 -2.680000 11.101323 31.161990
 -2.640000 12.345411 30.827801
 -2.600000 13.560844 29.634028
 -2.560000 14.712516 27.824278
 -2.520000 15.801132 26.620467
 -2.480000 16.846878 25.397212
 -2.440000 17.822588 23.152250
 -2.400000 18.696220 20.304987
 -2.360000 19.429054 15.903064
 -2.320000 19.943265 9.397820
 -2.280000 20.154329 0.770436
 -2.240000 19.995312 -8.638851
 -2.200000 19.489539 -16.209121
 -2.160000 18.745957 -20.298342
 -2.120000 17.914730 -20.867845
 -2.080000 17.086211 -20.635529
 -2.040000 16.261295 -20.474062
 -2.000000 15.472833 -18.602255
 -1.960000 14.782919 -16.127444
 -1.920000 14.140995 -16.530490
 -1.880000 13.448146 -17.745638
 -1.840000 12.771962 -15.471679
 -1.800000 12.231059 -11.705269
 -1.760000 11.797626 -10.702203
 -1.720000 11.316041 -13.867758
 -1.680000 10.688208 -17.109978
 -1.640000 9.984472 -17.800329
 -1.600000 9.262420 -18.552678
 -1.560000 8.478200 -20.839874
 -1.520000 7.593360 -23.306550
 -1.480000 6.622075 -25.185698
 -1.440000 5.583988 -26.583593
 -1.400000 4.516714 -26.395729
 -1.360000 3.503968 -23.923402
 -1.320000 2.614601 -20.577357
 -1.280000 1.847158 -17.937580
 -1.240000 1.176077 -15.551000
 -1.200000 0.611563 -12.601672
 -1.160000 0.166519 -9.758005
 -1.120000 -0.179037 -7.612216
 -1.080000 -0.442631 -5.499068
 -1.040000 -0.610696 -2.811708
 -1.000000 -0.660344 0.414229
 -0.960000 -0.569021 4.236678
 -0.920000 -0.318186 8.253755
 -0.880000 0.085052 11.817293
 -0.840000 0.627491 15.353909
 -0.800000 1.321291 19.364373
 -0.760000 2.175418 23.183464
 -0.720000 3.162784 25.924038
 -0.680000 4.238437 27.712231
 -0.640000 5.382885 29.463303
 -0.600000 6.598186 31.126106
 -0.560000 7.867848 32.117839
 -0.520000 9.164318 32.501016
 -0.480000 10.469441 32.616605
 -0.440000 11.782048 32.924696
 -0.400000 13.111046 33.349422
 -0.360000 14.449865 33.324007
 -0.320000 15.768332 32.218187
 -0.280000 17.017183 29.965179
 -0.240000 18.174588 27.941740
 -0.200000 19.277007 27.266411
 -0.160000 20.366432 26.957022
 -0.120000 21.417277 25.230137
 -0.080000 22.381612 22.943423
 -0.040000 23.259993 20.818103
 0.000000 24.035203 17.618179
 0.040000 24.658094 13.360085
 0.080000 25.103838 8.849981
 0.120000 25.357441 3.519396
 0.160000 25.362866 -3.532048
 0.200000 25.065950 -11.294715
 0.240000 24.479955 -17.594652
 0.280000 23.689678 -21.697725
 0.320000 22.748125 -25.429024
 0.360000 21.648051 -29.689232
 0.400000 20.366891 -34.288217
 0.440000 18.926200 -37.339296
 0.480000 17.411403 -38.038186
 0.520000 15.906303 -36.981878
 0.560000 14.467257 -34.814612
 0.600000 13.130643 -31.935933
 0.640000 11.913499 -28.960635
 0.680000 10.807706 -26.404088
 0.720000 9.798918 -23.996858
 0.760000 8.892662 -21.282103
 0.800000 8.094483 -18.685745
 0.840000 7.391543 -16.583867
 0.880000 6.749488 -15.855747
 0.920000 6.097730 -16.892085
 0.960000 5.408533 -17.187562
 1.000000 4.757632 -15.020945
 1.040000 4.217127 -12.080464
 1.080000 3.777497 -10.092058
 1.120000 3.401165 -8.731446
 1.160000 3.087168 -6.789286
 1.200000 2.875522 -3.586984
 1.240000 2.813805 0.609907
 1.280000 2.930408 5.239415
 1.320000 3.230834 9.685039
 1.360000 3.698647 13.645276
 1.400000 4.323772 17.605373
 1.440000 5.104555 21.297330
 1.480000 6.020757 24.417980
 1.520000 7.059215 27.431310
 1.560000 8.209629 29.839569
 1.600000 9.436741 31.365783
 1.640000 10.725299 32.976032
 1.680000 12.071650 33.985256
 1.720000 13.431736 33.740138
 1.760000 14.779164 33.573059
 1.800000 16.127254 33.605922
 1.840000 17.464892 33.023752
 1.880000 18.773820 32.293743
 1.920000 20.050414 31.193731
 1.960000 21.250290 28.288990
 2.000000 22.301216 24.092975
 2.040000 23.188447 20.194685
 2.080000 23.906067 15.132194
 2.120000 24.356778 6.898042
 2.160000 24.464955 -0.972353
 2.200000 24.334369 -5.125585
 2.240000 24.064490 -8.505763
 2.280000 23.647322 -12.366482
 2.320000 23.076101 -16.252242
 2.360000 22.342644 -20.355531
 2.400000 21.471328 -22.793574
 2.440000 20.537579 -23.975964
 2.480000 19.531250 -26.577691
 2.520000 18.409564 -29.374238
 2.560000 17.184680 -31.963388
 2.600000 15.845394 -34.888380
 2.640000 14.423781 -35.641189
 2.680000 13.027664 -34.004505
 2.720000 11.691725 -33.111130
 2.760000 10.360457 -33.424023
 2.800000 9.040750 -32.131388
 2.840000 7.818352 -28.771705
 2.880000 6.743669 -25.036973
 2.920000 5.802147 -22.239008
 2.960000 4.955658 -20.027389
 3.000000 4.222685 -16.138563
 3.040000 3.714022 -8.567123
 3.080000 3.606992 4.248242
 3.120000 4.147405 23.990829
 3.160000 5.618243 50.544684
 3.200000 8.257546 82.031808
 3.240000 12.224561 116.497007
 3.280000 17.632006 152.332654
 3.320000 24.960457 185.927961
 3.360000 inf 0.000000
 3.400000 inf 0.000000
 3.440000 inf 0.000000
 3.480000 inf 0.000000
 3.520000 inf 0.000000
 3.560000 inf 0.000000
 3.600000 inf 0.000000
 3.640000 inf 0.000000
 3.680000 inf 0.000000
 3.720000 inf 0.000000
 3.760000 inf 0.000000
 3.800000 inf 0.000000
 3.840000 inf 0.000000
 3.880000 inf 0.000000
 3.920000 inf 0.000000
 3.960000 inf 0.000000
 4.000000 inf 0.000000
